[settings]
cx=0.000000
cy=0.000000
cz=0.000000
AnimLen=30.000000
MinDist=20.000000
MaxDist=100.000000
Rotation=10.000000
RootBone=0
SelTrisOnly=0
